0.831552091 0.970871001 0.363634778 0.159755118
0.341554023 0.121874511 0.683026844 0.078958724
0.453234361 0.997596456 0.935393478 0.420626777
0.818106669 0.448705428 0.040156864 0.870594323
0.03567998 0.484906171 0.636776032 0.394764407
0.40373614 0.692174626 0.463531896 0.841779684
0.846239879 0.868506828 0.721600068 0.19892648
0.060620042 0.167720677 0.57909422 0.083615078
0.873371838 0.761227406 0.644787864 0.193310572
0.981155417 0.797049489 0.540824837 0.012872655
0.457825743 0.847866099 0.591484446 0.91447683
0.571541524 0.057294344 0.105278342 0.402497919
0.92122619 0.593839429 0.748274472 0.951250601
0.184005338 0.85128517 0.338763668 0.163421989
0.80780936 0.551354592 0.146065334 0.791780582
0.08074642 0.488895198 0.166616866 0.931232238
0.725737403 0.885685362 0.125469639 0.379252488
0.452205407 0.472020221 0.833503647 0.731354036
0.795850343 0.543523852 0.532738557 0.659550683
0.442169553 0.974220401 0.438497023 0.311704355
0.789364371 0.892431215 0.145715514 0.101843987
0.619828128 0.863046001 0.347349326 0.159009002
0.768324186 0.598573372 0.401204731 0.916688196
0.529762914 0.428316803 0.156074746 0.614449765
0.615505498 0.394100952 0.304912558 0.127156184
0.673396608 0.626579495 0.550697063 0.90838861
0.676819739 0.194472155 0.160895618 0.265710082
0.201692628 0.511581157 0.969360366 0.616096517
0.912858756 0.360635091 0.45953758 0.830890733
0.491309614 0.966387116 0.003190897 0.553170121
0.935433158 0.805385511 0.679866928 0.753854975
0.331312228 0.109376364 0.438651 0.145724663
0.578480028 0.692680677 0.622393373 0.450255665
0.338640363 0.346735011 0.191968423 0.077683804
0.756249156 0.603562536 0.074121092 0.479127764
0.388144039 0.473945237 0.661943817 0.253432742
0.803133479 0.567223602 0.875564532 0.793505256
0.082831004 0.913759151 0.407475617 0.169472987
0.140150916 0.276566283 0.994506752 0.916055721
0.525032038 0.633471686 0.162444371 0.4060306
0.162151075 0.617642663 0.217813006 0.405788333
0.867876349 0.1531215 0.567909224 0.585653508
0.034457483 0.04764742 0.230972476 0.08389523
0.774471092 0.860136078 0.421080365 0.67549267
0.352297114 0.277012993 0.454505495 0.527392065
0.085888757 0.821874133 0.773674334 0.889819638
0.308811345 0.889412542 0.896138818 0.582273713
0.235007569 0.559961375 0.67407055 0.250498156
0.036431238 0.985941095 0.894948199 0.333601374
0.293954964 0.624164115 0.207828282 0.893455546
0.613047945 0.996017264 0.377893995 0.625303499
0.588688321 0.111696304 0.109466826 0.672861021
0.557268857 0.334655972 0.46779271 0.101854977
0.295322182 0.828619979 0.249705956 0.90170976
0.3268317 0.306338959 0.408451237 0.759912011
0.126820143 0.044444876 0.039343521 0.829985542
0.910451689 0.891895408 0.599231999 0.219222649
0.456749831 0.106647976 0.836186458 0.505703202
0.469014595 0.137130249 0.881360038 0.690873554
0.696536987 0.69538542 0.634185824 0.126773103
0.198617484 0.938137534 0.993043291 0.651167547
0.865657726 0.331851264 0.139691949 0.878970851
0.305738401 0.10322774 0.816197609 0.005853762
0.224771391 0.244479374 0.028038699 0.193857266
0.772752746 0.418990723 0.609686482 0.123740681
0.350029856 0.071600044 0.768764127 0.590252623
0.269852472 0.849121131 0.261763143 0.88715128
0.109371242 0.490472145 0.625896996 0.388823538
0.249736235 0.711821903 0.437874112 0.80666295
0.696224249 0.162788919 0.414391894 0.640672148
0.585050695 0.542269324 0.343786091 0.787022044
0.489376739 0.431265012 0.201924576 0.032316044
0.190774258 0.937923065 0.016937005 0.525844876
0.990240883 0.375707401 0.266319907 0.879667967
0.928655852 0.13148703 0.152821788 0.802252794
0.39897767 0.504924358 0.16861644 0.196246176
0.181550879 0.612855215 0.725623922 0.273091671
0.533058111 0.27680675 0.891553762 0.484087424
0.180519482 0.008406977 0.765901648 0.861191097
0.226828268 0.970116476 0.178213611 0.855336127
0.432852428 0.247912635 0.742759192 0.423089826
0.99105055 0.271560601 0.089913683 0.167012092
0.23385133 0.996094663 0.012580207 0.813202765
0.405840544 0.580302335 0.057898804 0.357863907
0.973807115 0.099771054 0.540685153 0.68316693
0.234728338 0.438855021 0.061055999 0.667315871
0.229867628 0.100004313 0.607925394 0.721897616
0.460325836 0.875423814 0.378868744 0.166356339
0.296536346 0.443095699 0.360971929 0.884247298
0.835932384 0.227459748 0.685538357 0.864249418
0.994284297 0.334573745 0.743057495 0.80644504
0.887736909 0.206959438 0.795984762 0.268363465
0.726226121 0.728355229 0.981185157 0.958252211
0.513708771 0.231284383 0.891466669 0.301353362
0.031897168 0.131926675 0.353525983 0.851213583
0.065182065 0.850206951 0.384492745 0.433554805
0.629545927 0.387943493 0.238890838 0.897989791
0.543681511 0.902820567 0.442206836 0.21847326
0.685793478 0.492722013 0.922232443 0.836139794
0.086265413 0.761098591 0.067002946 0.805565622
0.742025071 0.286015368 0.617098637 0.602620677
0.216646607 0.741222284 0.765256362 0.476125047
0.530150412 0.130487317 0.862140392 0.093699406
0.30829321 0.416112885 0.228160648 0.773382428
0.870818874 0.176658701 0.427312802 0.928436617
0.788660003 0.799314976 0.916840967 0.583114777
0.096768897 0.954086908 0.878063792 0.271802952
0.948659368 0.834177553 0.548905289 0.102040407
0.627036773 0.819013831 0.937453806 0.270141593
0.215727942 0.326752288 0.053782732 0.417205503
0.651675754 0.148892151 0.405611848 0.860040264
0.671689977 0.370105567 0.60297171 0.64484423
0.406403237 0.900150226 0.060877776 0.626005377
0.817107942 0.441812414 0.751874517 0.221506255
0.617208686 0.76739319 0.313904384 0.539954849
0.403722299 0.717371132 0.021196045 0.920265801
0.442867144 0.565795225 0.760518167 0.817479145
0.016021739 0.28145504 0.757874235 0.948671561
0.733012693 0.149015041 0.131025745 0.81824198
0.737411207 0.759389798 0.431037354 0.245973223
0.29230319 0.365578726 0.876510112 0.874302569
0.218588904 0.070116947 0.494161599 0.990532892
0.325860289 0.669829622 0.464456443 0.35754452
0.570163903 0.970649661 0.467545752 0.0277688
0.124088351 0.374923455 0.902329654 0.916259814
0.70817402 0.936876077 0.413292897 0.012046034
0.909972138 0.512653075 0.654770665 0.391168153
0.419485981 0.977798274 0.026480564 0.242347145
0.049832337 0.479236944 0.275544413 0.834081179
0.403397151 0.529532948 0.06773906 0.359094015
0.373224502 0.065319682 0.477703594 0.324235168
0.333678376 0.333371926 0.196861287 0.321107039
0.372141117 0.178886126 0.259461338 0.892610227
0.436343081 0.410903086 0.24079782 0.766739613
0.836889147 0.3311838 0.582654782 0.361986134
0.933493192 0.174544597 0.874344197 0.08889504
0.61492173 0.537842726 0.688796044 0.007572429
0.22887558 0.108791557 0.00969151 0.631826305
0.197481184 0.755705348 0.25006112 0.393642388
0.549150744 0.227965758 0.986586457 0.561636346
0.844970964 0.69501121 0.873099857 0.569643628
0.303503857 0.262786158 0.305593255 0.202459388
0.668071255 0.10436643 0.521551274 0.655400326
0.89192335 0.060231143 0.853681508 0.474436223
0.087417943 0.242151671 0.720558958 0.790302558
0.323034612 0.041609787 0.342451956 0.85393017
0.173625391 0.589165777 0.90003089 0.476159012
0.336526518 0.39208701 0.136886315 0.690232471
0.395833365 0.322406642 0.156166839 0.015325039
0.87359091 0.06459434 0.754971659 0.420986891
0.456880595 0.571731815 0.243901941 0.717783427
0.403717962 0.260036125 0.941941764 0.088993453
0.112822653 0.985060597 0.758702396 0.101406143
0.307167175 0.183093096 0.399840375 0.437422991
0.32354024 0.933680913 0.656328493 0.074013727
0.454077829 0.49057712 0.70396746 0.376855145
0.776092656 0.03300618 0.679290403 0.455891766
0.89506623 0.993162484 0.152308913 0.284095633
0.833565212 0.226201556 0.421549284 0.73796812
0.217390852 0.345682524 0.446555448 0.433931243
0.748073576 0.869236362 0.385148375 0.36126432
0.461302962 0.165481434 0.622204504 0.672300276
0.257567544 0.373416675 0.228528044 0.757532867
0.013274644 0.173827802 0.208282475 0.579516824
0.979116531 0.931222452 0.218362527 0.951386886
0.548180978 0.798864555 0.024886703 0.609657848
0.890521662 0.711714923 0.2962931 0.999240364
0.162588067 0.991148555 0.940322328 0.81739636
0.86407885 0.076854062 0.285119905 0.644711773
0.499807134 0.048506459 0.338320632 0.751885682
0.145464188 0.630499029 0.714070603 0.380426969
0.808828865 0.33679701 0.780751661 0.346347122
0.592269636 0.635300248 0.978061136 0.176857704
0.397236652 0.531349505 0.363717864 0.289666781
0.661458898 0.590282816 0.436725191 0.369090393
0.79601304 0.313420091 0.787065959 0.222821832
0.263952976 0.943316166 0.368062662 0.302781718
0.571396101 0.898544076 0.131012663 0.912035253
0.587156005 0.84984741 0.474367167 0.449006619
0.058464543 0.156555959 0.784501969 0.996030412
0.889705496 0.821776792 0.424631207 0.160664667
0.674533042 0.335263774 0.013777726 0.512291896
0.695616302 0.873586547 0.250924511 0.872793644
0.090064763 0.574214403 0.800422114 0.45531316
0.302110094 0.89896023 0.334061977 0.529486493
0.907690366 0.183898383 0.380037218 0.064670604
0.156842738 0.536459108 0.455233982 0.415748327
0.349487777 0.222142784 0.193538804 0.754019352
0.81213497 0.987880734 0.670045522 0.624106836
0.04549997 0.694257022 0.599751592 0.267628472
0.999002348 0.256514353 0.422553491 0.048914168
0.980490667 0.119469284 0.935082326 0.034101519
0.684418505 0.018179907 0.141067606 0.731554601
0.840575403 0.957149394 0.333630797 0.500409613
0.297055305 0.340175649 0.337705276 0.250781846
0.1806822 0.013934489 0.74942142 0.056967526
0.589127064 0.992214603 0.860641994 0.753650794
0.996009124 0.253509944 0.857002811 0.742054818
0.31063603 0.570211806 0.49446466 0.683355674
0.089849548 0.138189012 0.586425222 0.297170045
0.488544746 0.355944156 0.849993371 0.309488577
0.739223321 0.224499702 0.239642458 0.107898924
0.655487915 0.112839704 0.661281564 0.548984654
0.104228881 0.934604591 0.949421306 0.688223614
0.667551098 0.760703824 0.271113267 0.076877044
0.67480477 0.127727074 0.876065291 0.789745252
0.708035205 0.672135057 0.544711551 0.701393148
0.842203708 0.113540455 0.809096434 0.566174027
0.294684667 0.977161132 0.175631818 0.164724308
0.132811983 0.319196973 0.129981969 0.750303348
0.249863289 0.501997915 0.51224411 0.742837766
0.602107604 0.306559878 0.22164156 0.169936881
0.995103431 0.122494952 0.881153728 0.205741224
0.316144729 0.930528816 0.089233836 0.76969234
0.748958492 0.690220442 0.28569157 0.854112222
0.857896 0.927169537 0.742129425 0.790120505
0.610900239 0.13457575 0.423302899 0.223899769
0.10859425 0.536558079 0.889308823 0.875786827
0.127800993 0.877937974 0.583887401 0.460321192
0.430606388 0.032358786 0.018153761 0.918649408
0.347378574 0.35777077 0.067373012 0.297298086
0.954754075 0.09058126 0.701321444 0.594657114
0.182707151 0.433649048 0.279478435 0.790828234
0.153548978 0.201014822 0.85633422 0.321039125
0.481336175 0.082512104 0.03353841 0.609335326
0.724550363 0.419125608 0.574639142 0.903326101
0.399301542 0.950647175 0.626249523 0.092735768
0.639931496 0.140985417 0.463013096 0.339747002
0.914072917 0.626542361 0.247086857 0.72484987
0.386126461 0.269664058 0.99692735 0.091373214
0.227566992 0.353973957 0.396915249 0.310570078
0.733791666 0.195571937 0.590801949 0.231552961
0.547575311 0.617694137 0.274227855 0.245761553
0.527073122 0.19137517 0.046345432 0.947310697
0.524367513 0.022976783 0.653127388 0.742304189
0.82021113 0.733114795 0.501051453 0.501500228
0.750420475 0.033217884 0.81136081 0.272492354
0.632512511 0.882471507 0.456990908 0.007703953
0.165718788 0.143848571 0.905666824 0.806603524
0.360221986 0.757273282 0.039667408 0.241578376
0.46690004 0.763937231 0.582790899 0.522638261
0.117020022 0.15209968 0.679729951 0.633528245
0.267320581 0.041830686 0.73871477 0.40861654
0.91333356 0.834714145 0.817848502 0.455042282
0.710664788 0.786818277 0.846481576 0.643541608
0.820158027 0.692794837 0.345211071 0.823971167
0.345823165 0.233839164 0.680641815 0.115366643
0.687023935 0.637189342 0.299761978 0.591055078
0.212239729 0.282859445 0.110139087 0.465920184
0.674156257 0.134228895 0.372459199 0.664549592
0.004024404 0.990780084 0.606640292 0.039147054
0.744143571 0.556815449 0.309712363 0.044215607
0.757934774 0.713348317 0.574072822 0.477122229
0.971476188 0.009144786 0.275124904 0.287389006
0.056988583 0.224581823 0.403736135 0.450613389
0.318333962 0.433003645 0.989044411 0.118438384
0.454461233 0.054919207 0.470701792 0.562867824
0.686452227 0.645650769 0.74201445 0.525038947
0.918836224 0.988826834 0.070855211 0.963290805
0.80693029 0.896426458 0.37964911 0.249115963
0.280399709 0.258713583 0.301104817 0.8312972
0.277308549 0.225309641 0.438188212 0.700246089
0.38659853 0.868475532 0.942734867 0.066553198
0.776117313 0.499661873 0.951773219 0.464768549
0.254023923 0.918109088 0.454364407 0.704994419
0.516007585 0.686544752 0.198299003 0.062392391
0.474359727 0.15880188 0.049154975 0.9803051
0.648020523 0.045159835 0.547264719 0.288917357
0.654051451 0.586962476 0.865523096 0.86810159
0.51136433 0.436111686 0.927401319 0.297054602
0.088060732 0.490292922 0.768324204 0.679925723
0.285263923 0.103114721 0.496094377 0.134111085
0.561254326 0.923291948 0.613857417 0.329033005
0.006377284 0.553718155 0.342455001 0.855159632
0.122033008 0.612255238 0.202566968 0.720075655
0.716447859 0.286702839 0.256345914 0.515832985
0.285751097 0.550160584 0.350525677 0.654338823
0.461866355 0.539988541 0.615865078 0.698249241
0.946853519 0.654165211 0.717692129 0.312226929
0.126612191 0.942463133 0.899519253 0.989719892
0.686992993 0.405728661 0.962586724 0.979891104
0.477813121 0.197463269 0.498387117 0.968519511
0.526447228 0.668747873 0.766822562 0.222047669
0.835942544 0.140358329 0.689853568 0.477195135
0.248439653 0.646911533 0.393241149 0.080759355
0.874315246 0.528901003 0.485615891 0.365931531
0.211180988 0.184407809 0.109880529 0.720047237
0.641124579 0.990433899 0.497272865 0.127342918
0.247003102 0.612609302 0.512599556 0.032764577
0.333261824 0.904196955 0.99077304 0.277819566
0.328194304 0.610097757 0.951188901 0.016016878
0.052494641 0.734882926 0.483920224 0.400594759
0.913161944 0.683031111 0.164298417 0.415876312
0.553813194 0.854752555 0.306726442 0.006837281
0.147862443 0.888546172 0.659223686 0.735020459
0.718087808 0.984698828 0.642990609 0.427262193
0.957946932 0.586702759 0.992851938 0.080141399
0.372521252 0.998913243 0.828072775 0.89301595
0.83959366 0.919447037 0.58920882 0.244677315
0.999284191 0.122978702 0.604387206 0.5281273
0.788369295 0.985152048 0.341390577 0.883170287
0.454838032 0.487952411 0.576196186 0.803445138
0.594292202 0.924134646 0.793869252 0.249793999
0.138217852 0.694427417 0.750064027 0.625022702
0.160795561 0.233583208 0.93673859 0.080081891
0.253621687 0.138439831 0.291842728 0.485308562
0.846025478 0.290786799 0.257816884 0.055516532
0.701784654 0.266753518 0.042573058 0.607543175
0.49512939 0.070628042 0.016495356 0.801965397
0.333687039 0.638416473 0.814422607 0.866594673
0.326390467 0.625022929 0.225164639 0.750128478
0.869576662 0.273158327 0.087659163 0.257497174
0.637161559 0.987930314 0.078472148 0.00255974
0.151134409 0.242718288 0.557942309 0.340838727
0.162142827 0.419384361 0.802875915 0.72344896
0.495231783 0.058631083 0.217252169 0.638933172
0.168363732 0.37736895 0.348756159 0.002867065
0.838499664 0.466187474 0.371504246 0.890759756
0.47752228 0.763184507 0.905703003 0.297697071
0.92115594 0.108646296 0.675989093 0.110279047
0.678524291 0.404502492 0.633171236 0.038971111
0.73829274 0.412670241 0.9379002 0.102943501
0.692945814 0.265397953 0.194394813 0.935793736
0.096551565 0.257330856 0.02464058 0.524334903
0.671168543 0.723082934 0.756703541 0.924713183
0.049941875 0.23469509 0.389689844 0.732568424
0.069055454 0.195338065 0.643341771 0.34222597
0.359134983 0.386128501 0.851831857 0.388628476
0.034325908 0.492316924 0.582619261 0.949009105
0.127844537 0.350326498 0.353261408 0.534185633
0.20440411 0.879717466 0.649408259 0.258195362
0.239987832 0.532063472 0.708777029 0.772098586
0.010872427 0.798775103 0.61936581 0.727009778
0.330857433 0.900981829 0.593743706 0.534500783
0.061487833 0.881845265 0.321639799 0.194466554
0.950098161 0.931676417 0.921288458 0.067454645
0.087326071 0.868727211 0.897993207 0.241501781
0.767260058 0.940863072 0.718555604 0.036841488
0.304885516 0.362683063 0.599022892 0.452367504
0.555221199 0.13974862 0.9897784 0.75759917
0.031770521 0.657217312 0.045948073 0.625823613
0.621105512 0.383210938 0.444506424 0.918946055
0.779038938 0.208635882 0.322304199 0.068241537
0.960898967 0.699713197 0.705647903 0.014883196
0.663473644 0.098691732 0.320862447 0.83702452
0.751401249 0.466674566 0.972939865 0.85802337
0.407448314 0.406130306 0.213946001 0.532708934
0.053794559 0.053682993 0.486342562 0.279231845
0.163692543 0.075468555 0.876970534 0.218083816
0.470718299 0.868725851 0.826108575 0.050924404
0.172571856 0.593303331 0.421297626 0.642543506
0.07628625 0.588951469 0.258037708 0.862559783
0.138343071 0.384510418 0.283846331 0.953429906
0.252685815 0.727093151 0.559932119 0.483813074
0.843669336 0.667137705 0.600723503 0.479133
0.362843783 0.886767343 0.261964898 0.570384815
0.338333592 0.731214428 0.521176001 0.327288346
0.190580261 0.410262305 0.543764731 0.365792846
0.00236696 0.423597478 0.798686399 0.534523078
0.92042391 0.228552737 0.342077456 0.608371975
0.346142228 0.508351337 0.492211047 0.522791827
0.089326665 0.946921307 0.01096712 0.037401947
0.323017279 0.001360879 0.309595763 0.320512164
0.505676994 0.971537364 0.715037127 0.858862817
0.167859495 0.236762092 0.836924735 0.582056936
0.044023548 0.13462043 0.183255844 0.82733332
0.644664103 0.675165036 0.694460857 0.711822064
0.573259948 0.604715397 0.230232179 0.405158916
0.878545914 0.435765227 0.035840444 0.513982836
0.893115922 0.462008536 0.402873187 0.100760691
0.246562151 0.022513567 0.882494803 0.177961118
0.702904292 0.950030515 0.613607102 0.882281657
0.04775493 0.40819629 0.146751772 0.708406135
0.39945954 0.98373725 0.099651654 0.200399539
0.733173718 0.935633458 0.842572333 0.665739999
0.160742697 0.181290379 0.514173826 0.089150068
0.013538567 0.460198638 0.749246597 0.542085123
0.782951168 0.667128181 0.492449699 0.795747839
0.17366046 0.069594919 0.270151294 0.972885977
0.264482576 0.618725377 0.020768065 0.909372998
0.709581364 0.18645191 0.977855226 0.840432425
0.059711415 0.483324108 0.944771315 0.795791483
0.89981036 0.849136653 0.493787022 0.878966787
0.625181293 0.323960993 0.940485535 0.159937426
0.946136925 0.677973209 0.831845601 0.3128862
0.264826686 0.646022362 0.302812474 0.058423485
0.556827583 0.417295819 0.522803205 0.623216643
0.611874527 0.969134178 0.924575122 0.067115742
0.133415848 0.450820966 0.135403237 0.465073209
0.661078926 0.503824745 0.112346734 0.858994762
0.858176341 0.326817372 0.39921907 0.91626505
0.551831401 0.958677135 0.360373053 0.364514748
0.666637112 0.237549472 0.874367063 0.608161924
0.967499941 0.072236673 0.832134328 0.898584084
0.919212323 0.309847302 0.22572769 0.201854989
0.524570166 0.119342392 0.460651866 0.052212038
0.357183198 0.213795182 0.99744626 0.149555433
0.125140629 0.643420117 0.778099839 0.792474879
0.479665884 0.429622463 0.953812681 0.02358006
0.049815697 0.507856403 0.784902356 0.159397786